function z=mylp(x)
z=24.99285-736.98244*x(1)+3.79053*x(2)+0.75336*x(3)+11.1695*x(1)*x(2)+10.42575*x(1)*x(3)+891.23685*x(1)^2-0.046243*x(2)^2-0.56088*x(3)^2-13.40287*x(1)^2*x(2)-14.79996*x(1)^2*x(3)
